640
480
0 0 0
1 0 0
0 -1 0
-320 240 -554.256
640
480
40 30 -80
1 0 0
0 -1 0
-320 240 -554.256
640
480
120 30 -150
-4.37114e-08 0 -1
0 -1 0
-554.256 240 320
640
480
40 30 -220
-1 0 8.74228e-08
0 -1 0
320 240 554.256
640
480
-10 0 -290
-1 0 8.74228e-08
0 -1 0
320 240 554.256
640
480
-63.024 -41.3244 -234.838
-0.766044 0.642788 6.69697e-08
-0.356557 -0.604148 0.580653
547.79 150.76 225.036
640
480
0 0 0
1 0 0
0 -1 0
-320 240 -554.256
640
480
40 30 -80
1 0 0
0 -1 0
-320 240 -554.256
640
480
120 30 -150
-4.37114e-08 0 -1
0 -1 0
-554.256 240 320
640
480
40 30 -220
-1 0 8.74228e-08
0 -1 0
320 240 554.256
640
480
-10 0 -290
-1 0 8.74228e-08
0 -1 0
320 240 554.256
640
480
-63.024 -41.3244 -234.838
-0.766044 0.642788 6.69697e-08
-0.356557 -0.604148 0.580653
547.79 150.76 225.036
640
480
0 0 0
1 0 0
0 -1 0
-320 240 -554.256
640
480
40 30 -80
1 0 0
0 -1 0
-320 240 -554.256
640
480
120 30 -150
-4.37114e-08 0 -1
0 -1 0
-554.256 240 320
640
480
40 30 -220
-1 0 8.74228e-08
0 -1 0
320 240 554.256
640
480
-10 0 -290
-1 0 8.74228e-08
0 -1 0
320 240 554.256
640
480
-63.024 -41.3244 -234.838
-0.766044 0.642788 6.69697e-08
-0.356557 -0.604148 0.580653
547.79 150.76 225.036
640
480
0 0 0
1 0 0
0 -1 0
-320 240 -554.256
640
480
40 30 -80
1 0 0
0 -1 0
-320 240 -554.256
640
480
120 30 -150
-4.37114e-08 0 -1
0 -1 0
-554.256 240 320
640
480
40 30 -220
-1 0 8.74228e-08
0 -1 0
320 240 554.256
640
480
-10 0 -290
-1 0 8.74228e-08
0 -1 0
320 240 554.256
640
480
-63.024 -41.3244 -234.838
-0.766044 0.642788 6.69697e-08
-0.356557 -0.604148 0.580653
547.79 150.76 225.036
640
480
0 0 0
1 0 0
0 -1 0
-320 240 -554.256
640
480
40 30 -80
1 0 0
0 -1 0
-320 240 -554.256
640
480
120 30 -150
-4.37114e-08 0 -1
0 -1 0
-554.256 240 320
640
480
40 30 -220
-1 0 8.74228e-08
0 -1 0
320 240 554.256
640
480
-10 0 -290
-1 0 8.74228e-08
0 -1 0
320 240 554.256
640
480
-63.024 -41.3244 -234.838
-0.766044 0.642788 6.69697e-08
-0.356557 -0.604148 0.580653
547.79 150.76 225.036
640
480
0 0 0
1 0 0
0 -1 0
-320 240 -554.256
640
480
40 30 -80
1 0 0
0 -1 0
-320 240 -554.256
640
480
120 30 -150
-4.37114e-08 0 -1
0 -1 0
-554.256 240 320
640
480
40 30 -220
-1 0 8.74228e-08
0 -1 0
320 240 554.256
640
480
-10 0 -290
-1 0 8.74228e-08
0 -1 0
320 240 554.256
640
480
-63.024 -41.3244 -234.838
-0.766044 0.642788 6.69697e-08
-0.356557 -0.604148 0.580653
547.79 150.76 225.036
640
480
0 0 0
1 0 0
0 -1 0
-320 240 -554.256
640
480
40 30 -80
1 0 0
0 -1 0
-320 240 -554.256
640
480
120 30 -150
-4.37114e-08 0 -1
0 -1 0
-554.256 240 320
640
480
40 30 -220
-1 0 8.74228e-08
0 -1 0
320 240 554.256
640
480
-10 0 -290
-1 0 8.74228e-08
0 -1 0
320 240 554.256
640
480
-63.024 -41.3244 -234.838
-0.766044 0.642788 6.69697e-08
-0.356557 -0.604148 0.580653
547.79 150.76 225.036
640
480
0 0 0
1 0 0
0 -1 0
-320 240 -554.256
640
480
40 30 -80
1 0 0
0 -1 0
-320 240 -554.256
640
480
120 30 -150
-4.37114e-08 0 -1
0 -1 0
-554.256 240 320
640
480
40 30 -220
-1 0 8.74228e-08
0 -1 0
320 240 554.256
640
480
-10 0 -290
-1 0 8.74228e-08
0 -1 0
320 240 554.256
640
480
-63.024 -41.3244 -234.838
-0.766044 0.642788 6.69697e-08
-0.356557 -0.604148 0.580653
547.79 150.76 225.036
640
480
0 0 0
1 0 0
0 -1 0
-320 240 -554.256
640
480
40 30 -80
1 0 0
0 -1 0
-320 240 -554.256
640
480
120 30 -150
-4.37114e-08 0 -1
0 -1 0
-554.256 240 320
640
480
40 30 -220
-1 0 8.74228e-08
0 -1 0
320 240 554.256
640
480
-10 0 -290
-1 0 8.74228e-08
0 -1 0
320 240 554.256
640
480
-63.024 -41.3244 -234.838
-0.766044 0.642788 6.69697e-08
-0.356557 -0.604148 0.580653
547.79 150.76 225.036
640
480
0 0 0
1 0 0
0 -1 0
-320 240 -554.256
640
480
40 30 -80
1 0 0
0 -1 0
-320 240 -554.256
640
480
120 30 -150
-4.37114e-08 0 -1
0 -1 0
-554.256 240 320
640
480
40 30 -220
-1 0 8.74228e-08
0 -1 0
320 240 554.256
640
480
-10 0 -290
-1 0 8.74228e-08
0 -1 0
320 240 554.256
640
480
-63.024 -41.3244 -234.838
-0.766044 0.642788 6.69697e-08
-0.356557 -0.604148 0.580653
547.79 150.76 225.036
640
480
0 0 0
1 0 0
0 -1 0
-320 240 -554.256
640
480
40 30 -80
1 0 0
0 -1 0
-320 240 -554.256
640
480
120 30 -150
-4.37114e-08 0 -1
0 -1 0
-554.256 240 320
640
480
40 30 -220
-1 0 8.74228e-08
0 -1 0
320 240 554.256
640
480
-10 0 -290
-1 0 8.74228e-08
0 -1 0
320 240 554.256
640
480
-63.024 -41.3244 -234.838
-0.766044 0.642788 6.69697e-08
-0.356557 -0.604148 0.580653
547.79 150.76 225.036
640
480
0 0 0
1 0 0
0 -1 0
-320 240 -554.256
640
480
40 30 -80
1 0 0
0 -1 0
-320 240 -554.256
640
480
120 30 -150
-4.37114e-08 0 -1
0 -1 0
-554.256 240 320
640
480
40 30 -220
-1 0 8.74228e-08
0 -1 0
320 240 554.256
640
480
-10 0 -290
-1 0 8.74228e-08
0 -1 0
320 240 554.256
640
480
-63.024 -41.3244 -234.838
-0.766044 0.642788 6.69697e-08
-0.356557 -0.604148 0.580653
547.79 150.76 225.036
640
480
0 0 0
1 0 0
0 -1 0
-320 240 -554.256
640
480
40 30 -80
1 0 0
0 -1 0
-320 240 -554.256
640
480
120 30 -150
-4.37114e-08 0 -1
0 -1 0
-554.256 240 320
640
480
40 30 -220
-1 0 8.74228e-08
0 -1 0
320 240 554.256
640
480
-10 0 -290
-1 0 8.74228e-08
0 -1 0
320 240 554.256
640
480
-63.024 -41.3244 -234.838
-0.766044 0.642788 6.69697e-08
-0.356557 -0.604148 0.580653
547.79 150.76 225.036
640
480
0 0 0
1 0 0
0 -1 0
-320 240 -554.256
640
480
40 30 -80
1 0 0
0 -1 0
-320 240 -554.256
640
480
120 30 -150
-4.37114e-08 0 -1
0 -1 0
-554.256 240 320
640
480
40 30 -220
-1 0 8.74228e-08
0 -1 0
320 240 554.256
640
480
-10 0 -290
-1 0 8.74228e-08
0 -1 0
320 240 554.256
640
480
-63.024 -41.3244 -234.838
-0.766044 0.642788 6.69697e-08
-0.356557 -0.604148 0.580653
547.79 150.76 225.036
640
480
0 0 0
1 0 0
0 -1 0
-320 240 -554.256
640
480
40 30 -80
1 0 0
0 -1 0
-320 240 -554.256
640
480
120 30 -150
-4.37114e-08 0 -1
0 -1 0
-554.256 240 320
640
480
40 30 -220
-1 0 8.74228e-08
0 -1 0
320 240 554.256
640
480
-10 0 -290
-1 0 8.74228e-08
0 -1 0
320 240 554.256
640
480
-63.024 -41.3244 -234.838
-0.766044 0.642788 6.69697e-08
-0.356557 -0.604148 0.580653
547.79 150.76 225.036
640
480
0 0 0
1 0 0
0 -1 0
-320 240 -554.256
640
480
40 30 -80
1 0 0
0 -1 0
-320 240 -554.256
640
480
120 30 -150
-4.37114e-08 0 -1
0 -1 0
-554.256 240 320
640
480
40 30 -220
-1 0 8.74228e-08
0 -1 0
320 240 554.256
640
480
-10 0 -290
-1 0 8.74228e-08
0 -1 0
320 240 554.256
640
480
-63.024 -41.3244 -234.838
-0.766044 0.642788 6.69697e-08
-0.356557 -0.604148 0.580653
547.79 150.76 225.036
640
480
0 0 0
1 0 0
0 -1 0
-320 240 -554.256
640
480
40 30 -80
1 0 0
0 -1 0
-320 240 -554.256
640
480
120 30 -150
-4.37114e-08 0 -1
0 -1 0
-554.256 240 320
640
480
40 30 -220
-1 0 8.74228e-08
0 -1 0
320 240 554.256
640
480
-10 0 -290
-1 0 8.74228e-08
0 -1 0
320 240 554.256
640
480
-63.024 -41.3244 -234.838
-0.766044 0.642788 6.69697e-08
-0.356557 -0.604148 0.580653
547.79 150.76 225.036
640
480
0 0 0
1 0 0
0 -1 0
-320 240 -554.256
640
480
40 30 -80
1 0 0
0 -1 0
-320 240 -554.256
640
480
120 30 -150
-4.37114e-08 0 -1
0 -1 0
-554.256 240 320
640
480
40 30 -220
-1 0 8.74228e-08
0 -1 0
320 240 554.256
640
480
-10 0 -290
-1 0 8.74228e-08
0 -1 0
320 240 554.256
640
480
-63.024 -41.3244 -234.838
-0.766044 0.642788 6.69697e-08
-0.356557 -0.604148 0.580653
547.79 150.76 225.036
